datetime	wtr_0.25	wtr_1	wtr_2	wtr_2.5	wtr_3	wtr_4	wtr_5	wtr_6	wtr_6.5
2023-10-01	NA	NA	6.04833333333333	5.7320625	6.04333333333333	5.76083854166667	5.92	5.97166666666667	5.65706944444444
2023-10-02	NA	NA	5.97	5.6415625	5.97958333333333	5.70440104166667	5.88354166666667	5.92916666666667	5.61898611111111
2023-10-03	NA	NA	4.94270833333333	4.599	4.963125	4.69799479166667	4.9125	4.97166666666667	4.662
2023-10-04	NA	NA	3.98833333333333	3.63733333333333	3.98979166666667	3.71759895833333	3.90958333333333	3.97645833333333	3.67113194444444
2023-10-05	NA	NA	3.66791666666667	3.31110416666667	3.63666666666667	3.37384375	3.55958333333333	3.62416666666667	3.32049305555556
2023-10-06	NA	NA	3.74604166666667	3.38525	3.71333333333333	3.44489583333333	3.62958333333333	3.69125	3.38685416666667
2023-10-07	NA	NA	3.88729166666667	3.53041666666667	3.84625	3.58840625	3.77583333333333	3.84291666666667	3.53733333333333
2023-10-08	NA	NA	4.06083333333333	3.70245833333333	4.01791666666667	3.74847395833333	3.928125	3.98708333333333	3.68347916666667
2023-10-09	NA	NA	4.18229166666667	3.82735416666667	4.139375	3.86521354166667	4.03666666666667	4.09791666666667	3.79190277777778
2023-10-10	NA	NA	4.19729166666667	3.85027083333333	4.170625	3.90300520833333	4.09583333333333	4.15333333333333	3.84652777777778
2023-10-11	NA	NA	3.90604166666667	3.58133333333333	3.929375	3.65618229166667	3.844375	3.90895833333333	3.60597222222222
2023-10-12	NA	NA	2.876875	2.5469375	2.91083333333333	2.6565	2.85729166666667	2.9325	2.62828472222222
2023-10-13	NA	NA	1.968125	1.604625	1.93541666666667	1.687890625	1.89291666666667	1.96770833333333	1.67800694444444
2023-10-14	NA	NA	1.45104166666667	1.1208125	1.453125	1.193984375	1.38270833333333	1.441875	1.15184027777778
2023-10-15	NA	NA	1.248125	0.90925	1.20520833333333	0.964864583333333	1.155625	1.21604166666667	0.936805555555556
2023-10-16	NA	NA	1.56833333333333	1.2460625	1.535625	1.282203125	1.45395833333333	1.52041666666667	1.23404166666667
2023-10-17	NA	NA	2.01229166666667	1.66204166666667	1.96104166666667	1.71008854166667	1.891875	1.95229166666667	1.6579375
2023-10-18	NA	NA	1.94166666666667	1.62683333333333	1.93604166666667	1.68521354166667	1.87270833333333	1.928125	1.63638194444444
2023-10-19	NA	NA	2.10291666666667	1.75797916666667	2.05854166666667	1.80861979166667	1.999375	2.050625	1.757875
2023-10-20	NA	NA	2.249375	1.8970625	2.20354166666667	1.95602604166667	2.14541666666667	2.2125	1.91826388888889
2023-10-21	NA	NA	2.35395833333333	2.04395833333333	2.34479166666667	2.10252604166667	2.299375	2.39729166666667	2.11084722222222
2023-10-22	NA	NA	2.54270833333333	2.21697916666667	2.539375	2.296125	2.50083333333333	2.60145833333333	2.32910416666667
2023-10-23	NA	NA	2.64416666666667	2.31933333333333	2.63229166666667	2.40283333333333	2.61875	2.705	2.42886111111111
2023-10-24	NA	NA	2.693125	2.36204166666667	2.67583333333333	2.421984375	2.60333333333333	2.66708333333333	2.37058333333333
2023-10-25	NA	NA	2.565625	2.21777083333333	2.53666666666667	2.29075	2.48729166666667	2.57916666666667	2.28343055555556
2023-10-26	NA	NA	2.11770833333333	1.78166666666667	2.110625	1.856953125	2.0575	2.10895833333333	1.81434027777778
2023-10-27	NA	NA	1.23791666666667	0.954229166666667	1.25541666666667	1.01775	1.21333333333333	1.27229166666667	0.983118055555556
2023-10-28	NA	NA	0.77625	0.517708333333333	0.797708333333333	0.590364583333333	0.784166666666667	0.9175	0.704055555555556
2023-10-29	NA	NA	0.821458333333333	0.589895833333333	0.855833333333333	0.662385416666667	0.894791666666667	1.125625	0.977611111111111
2023-10-30	NA	NA	0.939791666666667	0.688520833333333	0.970208333333333	0.772572916666667	1.06291666666667	1.34083333333333	1.20965277777778
2023-10-31	NA	NA	1.07395833333333	0.812125	1.08333333333333	0.894598958333333	1.21958333333333	1.52041666666667	1.40843055555556
2023-11-01	NA	NA	1.17583333333333	0.921208333333333	1.194375	1.00550520833333	1.34229166666667	1.66375	1.54803472222222
2023-11-02	NA	NA	1.24541666666667	0.99225	1.26041666666667	1.09416145833333	1.45770833333333	1.775625	1.6675
2023-11-03	NA	NA	1.29958333333333	1.05164583333333	1.31770833333333	1.1604375	1.539375	1.85958333333333	1.74980555555556
2023-11-04	NA	NA	1.38979166666667	1.14410416666667	1.420625	1.23888020833333	1.63333333333333	1.94229166666667	1.8381875
2023-11-05	NA	NA	1.46822916666667	1.21106	1.50020833333333	1.3124595959596	1.72958333333333	2.04604166666667	1.92706
2023-11-06	NA	NA	1.53020833333333	1.27639583333333	1.55041666666667	1.38073958333333	1.8025	2.11729166666667	2.00713194444444
2023-11-07	NA	NA	1.58833333333333	1.33216666666667	1.60625	1.449046875	1.87145833333333	2.19854166666667	2.08079861111111
2023-11-08	NA	NA	1.57979166666667	1.35077083333333	1.62354166666667	1.489421875	1.92104166666667	2.24833333333333	2.1269375
2023-11-09	NA	NA	1.584375	1.3549375	1.61354166666667	1.52127604166667	1.94979166666667	2.28020833333333	2.17046527777778
2023-11-10	NA	NA	1.62041666666667	1.37685416666667	1.66291666666667	1.55099479166667	1.98958333333333	2.32020833333333	2.21215277777778
2023-11-11	NA	NA	1.67958333333333	1.42775	1.71	1.596140625	2.04729166666667	2.38625	2.25873611111111
2023-11-12	NA	NA	1.75083333333333	1.49847916666667	1.77520833333333	1.65251041666667	2.12	2.45208333333333	2.31840972222222
2023-11-13	NA	NA	1.80166666666667	1.547625	1.82166666666667	1.69947916666667	2.17354166666667	2.51875	2.37319444444444
2023-11-14	NA	NA	1.85416666666667	1.60025	1.875	1.75094270833333	2.24166666666667	2.57458333333333	2.43086111111111
2023-11-15	NA	NA	1.9075	1.66489583333333	1.94416666666667	1.803265625	2.304375	2.64604166666667	2.49052083333333
2023-11-16	NA	NA	1.89145833333333	1.67377083333333	1.945	1.84174479166667	2.34041666666667	2.6925	2.53631944444444
2023-11-17	NA	NA	1.92270833333333	1.69745833333333	1.9675	1.86580729166667	2.38104166666667	2.72583333333333	2.56770138888889
2023-11-18	NA	NA	1.97395833333333	1.73122916666667	2.01729166666667	1.90505208333333	2.42479166666667	2.75895833333333	2.60550694444444
2023-11-19	NA	NA	1.99895833333333	1.7608125	2.033125	1.94628645833333	2.465625	2.79541666666667	2.63660416666667
2023-11-20	NA	NA	1.99041666666667	1.7645625	2.04	1.97013020833333	2.4875	2.81395833333333	2.65925
2023-11-21	NA	NA	1.98104166666667	1.77210416666667	2.04479166666667	1.99125520833333	2.50708333333333	2.84083333333333	2.67304166666667
2023-11-22	NA	NA	2.01041666666667	1.8036875	2.08791666666667	2.01777083333333	2.53833333333333	2.86854166666667	2.70027777777778
2023-11-23	NA	NA	2.04291666666667	1.84289583333333	2.12729166666667	2.05568229166667	2.57604166666667	2.90395833333333	2.73545138888889
2023-11-24	NA	NA	2.020625	1.837625	2.119375	2.074421875	2.5975	2.91104166666667	2.75741666666667
2023-11-25	NA	NA	2.01375	1.8413125	2.12229166666667	2.08227604166667	2.60375	2.931875	2.76338888888889
2023-11-26	NA	NA	2.00729166666667	1.8430625	2.12541666666667	2.09750520833333	2.625	2.94229166666667	2.76986805555556
2023-11-27	NA	NA	2.011875	1.85552083333333	2.13395833333333	2.11528645833333	2.63729166666667	2.96104166666667	2.78222916666667
2023-11-28	NA	NA	2.02479166666667	1.86475	2.16645833333333	2.13763541666667	2.66020833333333	2.981875	2.79718055555556
2023-11-29	NA	NA	2.05083333333333	1.89545833333333	2.19666666666667	2.1684375	2.68916666666667	3.00520833333333	2.82173611111111
2023-11-30	NA	NA	2.070625	1.92504166666667	2.23520833333333	2.19596875	2.725625	3.03	2.85208333333333
2023-12-01	NA	NA	2.03708333333333	1.92435416666667	2.22229166666667	2.20970833333333	2.715	3.04854166666667	2.87159722222222
2023-12-02	NA	NA	2.03833333333333	1.9266875	2.2425	2.22459895833333	2.71791666666667	3.06875	2.88363194444444
2023-12-03	NA	NA	2.00708333333333	1.94114583333333	2.24583333333333	2.24183333333333	2.735	3.08145833333333	2.90251388888889
2023-12-04	NA	NA	2.01166666666667	1.94802083333333	2.26333333333333	2.25324479166667	2.758125	3.10729166666667	2.92333333333333
2023-12-05	NA	NA	1.99541666666667	1.95102083333333	2.28625	2.27863541666667	2.78895833333333	3.115	2.9415625
2023-12-06	NA	NA	1.97125	1.9564375	2.29104166666667	2.29780208333333	2.81458333333333	3.14	2.96380555555556
2023-12-07	NA	NA	1.93125	1.96214583333333	2.305	2.32551041666667	2.84166666666667	3.1625	2.98225
2023-12-08	NA	NA	1.91875	1.96770833333333	2.32895833333333	2.35334375	2.86	3.17083333333333	2.99001388888889
2023-12-09	NA	NA	1.88604166666667	1.968	2.323125	2.36570833333333	2.87916666666667	3.1725	2.99635416666667
2023-12-10	NA	NA	1.871875	1.96897916666667	2.35125	2.3586875	2.88854166666667	3.19208333333333	3.00890972222222
2023-12-11	NA	NA	1.88541666666667	1.97779166666667	2.370625	2.38780208333333	2.92083333333333	3.20979166666667	3.02611805555556
2023-12-12	NA	NA	1.888125	1.98966666666667	2.40020833333333	2.43070833333333	2.95270833333333	3.229375	3.04620138888889
2023-12-13	NA	NA	1.87229166666667	1.99566666666667	2.395	2.464765625	2.95791666666667	3.24145833333333	3.06496527777778
2023-12-14	NA	NA	1.85958333333333	2.00254166666667	2.41604166666667	2.48257291666667	2.975	3.26104166666667	3.08588194444444
2023-12-15	NA	NA	1.85291666666667	2.00358333333333	2.43145833333333	2.493015625	2.9925	3.275	3.10419444444444
2023-12-16	NA	NA	1.83833333333333	2.01510416666667	2.43270833333333	2.515828125	3.01416666666667	3.28833333333333	3.12059027777778
2023-12-17	NA	NA	1.825	2.01179166666667	2.44104166666667	2.532859375	3.04	3.3	3.13775694444444
2023-12-18	NA	NA	1.83854166666667	2.02308333333333	2.46291666666667	2.55839583333333	3.05854166666667	3.32541666666667	3.14895138888889
2023-12-19	NA	NA	1.83625	2.0295625	2.48625	2.58765625	3.09354166666667	3.345	3.16611805555556
2023-12-20	NA	NA	1.86854166666667	2.05333333333333	2.53333333333333	2.627984375	3.12666666666667	3.38041666666667	3.19188194444444
2023-12-21	NA	NA	1.86354166666667	2.06414583333333	2.53333333333333	2.64967708333333	3.1475	3.40145833333333	3.21375694444444
2023-12-22	NA	NA	1.86166666666667	2.06679166666667	2.53916666666667	2.66957291666667	3.16833333333333	3.42333333333333	3.23058333333333
2023-12-23	NA	NA	1.87645833333333	2.08020833333333	2.565	2.698109375	3.19729166666667	3.4375	3.24941666666667
2023-12-24	NA	NA	1.85020833333333	2.0725625	2.5475	2.70310416666667	3.205625	3.45375	3.26245138888889
2023-12-25	NA	NA	1.87895833333333	2.08154166666667	2.58166666666667	2.72105208333333	3.22145833333333	3.48125	3.26999305555556
2023-12-26	NA	NA	1.89895833333333	2.10783333333333	2.61166666666667	2.74751041666667	3.27208333333333	3.51125	3.29815972222222
2023-12-27	NA	NA	1.91833333333333	2.1313125	2.64520833333333	2.77742708333333	3.303125	3.54	3.32586805555556
2023-12-28	NA	NA	1.90125	2.13091666666667	2.63229166666667	2.79852083333333	3.2875	3.555	3.35541666666667
2023-12-29	NA	NA	1.89708333333333	2.12770833333333	2.63791666666667	2.81846354166667	3.2975	3.55166666666667	3.36165277777778
2023-12-30	NA	NA	1.88625	2.12747916666667	2.63895833333333	2.82952604166667	3.31416666666667	3.56083333333333	3.36786805555556
2023-12-31	NA	NA	1.914375	2.14839583333333	2.67479166666667	2.861078125	3.34354166666667	3.5825	3.38425
2024-01-01	NA	NA	1.90270833333333	2.15133333333333	2.674375	2.88518229166667	3.36333333333333	3.59083333333333	3.39147916666667
2024-01-02	NA	NA	1.89354166666667	2.15527083333333	2.68625	2.90084895833333	3.38020833333333	3.601875	3.40238888888889
2024-01-03	NA	NA	1.89541666666667	2.16514583333333	2.69354166666667	2.92021875	3.409375	3.61354166666667	3.40826388888889
2024-01-04	NA	NA	1.94833333333333	2.18541666666667	2.72458333333333	2.968328125	3.43770833333333	3.64458333333333	3.4303125
2024-01-05	NA	NA	1.95083333333333	2.20347916666667	2.741875	2.99653645833333	3.45354166666667	3.68145833333333	3.45076388888889
2024-01-06	NA	NA	1.94958333333333	2.217875	2.74895833333333	3.023046875	3.48729166666667	3.69291666666667	3.47291666666667
2024-01-07	NA	NA	1.97479166666667	2.22464583333333	2.77416666666667	3.04781770833333	3.50916666666667	3.70520833333333	3.49017361111111
2024-01-08	NA	NA	1.94479166666667	2.22160416666667	2.763125	3.05729166666667	3.51291666666667	3.71583333333333	3.49986111111111
2024-01-09	NA	NA	1.94979166666667	2.2375625	2.785625	3.077453125	3.531875	3.725	3.50959722222222
2024-01-10	NA	NA	1.96145833333333	2.24066666666667	2.80416666666667	3.102265625	3.55708333333333	3.74	3.51961111111111
2024-01-11	NA	NA	1.93395833333333	2.235375	2.785625	3.108703125	3.55916666666667	3.73854166666667	3.52590277777778
2024-01-12	NA	NA	1.918125	2.23910416666667	2.79708333333333	3.12265625	3.57583333333333	3.755	3.53163194444444
2024-01-13	NA	NA	1.9125	2.2483125	2.80416666666667	3.13994270833333	3.59416666666667	3.76541666666667	3.54084027777778
2024-01-14	NA	NA	1.89145833333333	2.2273125	2.79625	3.14949479166667	3.60416666666667	3.77520833333333	3.54816666666667
2024-01-15	NA	NA	1.87583333333333	2.22752083333333	2.80041666666667	3.15994270833333	3.61270833333333	3.78145833333333	3.55563888888889
2024-01-16	NA	NA	1.879375	2.24835416666667	2.82479166666667	3.18747395833333	3.630625	3.80375	3.56822222222222
2024-01-17	NA	NA	1.84625	2.2425	2.82583333333333	3.20184895833333	3.64166666666667	3.80208333333333	3.57653472222222
2024-01-18	NA	NA	1.84083333333333	2.2386875	2.82833333333333	3.21513541666667	3.64770833333333	3.82583333333333	3.58577083333333
2024-01-19	NA	NA	1.841875	2.24345833333333	2.840625	3.24805208333333	3.663125	3.83833333333333	3.60208333333333
2024-01-20	NA	NA	1.89604166666667	2.2696875	2.89979166666667	3.3053125	3.72416666666667	3.87042553191489	3.624875
2024-01-21	NA	NA	1.87666666666667	2.27910416666667	2.90541666666667	3.33	3.73520833333333	3.8925	3.64391666666667
2024-01-22	NA	NA	1.92104166666667	2.3076875	2.94520833333333	3.37846875	3.78625	3.91208333333333	3.66615972222222
2024-01-23	NA	NA	1.91229166666667	2.32535416666667	2.95875	3.39678645833333	3.79916666666667	3.93553191489362	3.6856875
2024-01-24	NA	NA	1.89625	2.323375	2.96104166666667	3.429515625	3.835625	3.96208333333333	3.70325694444444
2024-01-25	NA	NA	1.92770833333333	2.34439583333333	2.99270833333333	3.47510416666667	3.8675	3.98173913043478	3.72045833333333
2024-01-26	NA	NA	1.90875	2.34220833333333	2.99270833333333	3.495546875	3.8775	4.00145833333333	3.73929166666667
2024-01-27	NA	NA	1.9525	2.37545833333333	3.04479166666667	3.54421875	3.91708333333333	4.02416666666667	3.76129861111111
2024-01-28	NA	NA	1.996875	2.41716666666667	3.09916666666667	3.6069375	3.96104166666667	4.05645833333333	3.78608333333333
2024-01-29	NA	NA	2.04479166666667	2.45885416666667	3.15020833333333	3.675234375	4.015	4.09729166666667	3.81865277777778
2024-01-30	NA	NA	2.08354166666667	2.50985416666667	3.20333333333333	3.76618229166667	4.08416666666667	4.125	3.85047222222222
2024-01-31	NA	NA	2.128125	2.55952083333333	3.23833333333333	3.866953125	4.168125	4.16833333333333	3.88272222222222
2024-02-01	NA	NA	2.17875	2.6115	3.293125	3.98022916666667	4.26208333333333	4.21666666666667	3.91495138888889
2024-02-02	NA	NA	2.250625	2.6750625	3.38166666666667	4.073	4.36770833333333	4.27416666666667	3.95419444444444
2024-02-03	NA	NA	2.17229166666667	2.66083333333333	3.31833333333333	4.08042708333333	4.370625	4.31916666666667	3.98536805555556
2024-02-04	NA	NA	2.13604166666667	2.65464583333333	3.3125	4.05067708333333	4.360625	4.33083333333333	4.00297916666667
2024-02-05	NA	NA	2.18770833333333	2.66647916666667	3.37125	4.06955729166667	4.378125	4.35791666666667	4.02150694444444
2024-02-06	NA	NA	2.233125	2.71610416666667	3.42875	4.1674375	4.46708333333333	4.414375	4.04972916666667
2024-02-07	NA	NA	2.226875	2.73566666666667	3.434375	4.22024479166667	4.48604166666667	4.47083333333333	4.08878472222222
2024-02-08	NA	NA	2.23020833333333	2.75854166666667	3.45354166666667	4.19002604166667	4.50604166666667	4.49083333333333	4.13129861111111
2024-02-09	NA	NA	2.28520833333333	2.80602083333333	3.531875	4.18135416666667	4.51625	4.51458333333333	4.15836805555556
2024-02-10	NA	NA	2.24041666666667	2.79827083333333	3.51541666666667	4.18965104166667	4.50104166666667	4.52708333333333	4.17440277777778
2024-02-11	NA	NA	2.20270833333333	2.79589583333333	3.53770833333333	4.16021875	4.51083333333333	4.53729166666667	4.18220138888889
2024-02-12	NA	NA	2.26708333333333	2.84504166666667	3.6225	4.19921354166667	4.55104166666667	4.55645833333333	4.19700694444444
2024-02-13	NA	NA	2.33020833333333	2.90004166666667	3.92041666666667	4.20179166666667	4.5825	4.58833333333333	4.21747222222222
2024-02-14	NA	NA	2.28666666666667	2.90329166666667	4.23791666666667	4.16038541666667	4.54708333333333	4.6075	4.24019444444444
2024-02-15	NA	NA	2.279375	2.91877083333333	4.35854166666667	4.15790625	4.585	4.62666666666667	4.25986805555556
2024-02-16	NA	NA	2.24	2.89916666666667	4.28541666666667	4.07589583333333	4.49583333333333	4.64	4.28113194444444
2024-02-17	NA	NA	2.18270833333333	2.92070833333333	4.29916666666667	4.09165625	4.50520833333333	4.63416666666667	4.29464583333333
2024-02-18	NA	NA	2.22104166666667	2.99858333333333	4.373125	4.15846354166667	4.54291666666667	4.63770833333333	4.30082638888889
2024-02-19	NA	NA	2.32979166666667	3.24904166666667	4.46145833333333	4.29115625	4.53666666666667	4.64520833333333	4.31222222222222
2024-02-20	NA	NA	2.30041666666667	3.48035416666667	4.39291666666667	4.18394791666667	4.59708333333333	4.66270833333333	4.33429861111111
2024-02-21	NA	NA	2.23916666666667	3.5499375	4.34708333333333	4.16367708333333	4.545625	4.668125	4.34352777777778
2024-02-22	NA	NA	2.22145833333333	3.494375	4.3575	4.15875	4.51291666666667	4.66479166666667	4.35148611111111
2024-02-23	NA	NA	2.404375	3.82489583333333	4.48479166666667	4.24490104166667	4.49604166666667	4.64708333333333	4.35725
2024-02-24	NA	NA	2.5075	4.17283333333333	4.53125	4.23152604166667	4.46604166666667	4.68854166666667	4.37886805555556
2024-02-25	NA	NA	3.11791666666667	4.2165625	4.55625	4.264703125	4.445625	4.74020833333333	4.41942361111111
2024-02-26	NA	NA	4.26041666666667	4.14004166666667	4.44770833333333	4.210125	4.36395833333333	4.74979166666667	4.441
2024-02-27	NA	NA	4.006875	4.05539583333333	4.32083333333333	4.16346354166667	4.464375	4.72020833333333	4.4389375
2024-02-28	NA	NA	4.07708333333333	4.13883333333333	4.49229166666667	4.19107291666667	4.4675	4.72895833333333	4.4395625
2024-02-29	NA	NA	4.566875	4.20725	4.559375	4.24233854166667	4.39895833333333	4.76645833333333	4.48380555555556
2024-03-01	NA	NA	4.60854166666667	4.25052083333333	4.60479166666667	4.28641145833333	4.45479166666667	4.71958333333333	4.51090277777778
2024-03-02	NA	NA	4.58458333333333	4.24166666666667	4.57645833333333	4.27890625	4.45395833333333	4.626875	4.50505555555556
2024-03-03	NA	NA	4.36833333333333	4.13685416666667	4.40833333333333	4.18683854166667	4.36708333333333	4.5	4.45866666666667
2024-03-04	NA	NA	4.30333333333333	4.10452083333333	4.374375	4.154140625	4.3225	4.46875	4.39665277777778
2024-03-05	NA	NA	4.40916666666667	4.1413125	4.44625	4.19855729166667	4.35145833333333	4.48916666666667	4.38164583333333
2024-03-06	NA	NA	4.51041666666667	4.1936875	4.535625	4.20140625	4.35916666666667	4.59854166666667	4.40053472222222
2024-03-07	NA	NA	4.425625	4.144625	4.445625	4.204171875	4.37395833333333	4.62166666666667	4.41928472222222
2024-03-08	NA	NA	4.34708333333333	4.1139375	4.37854166666667	4.16909895833333	4.35333333333333	4.641875	4.41052777777778
2024-03-09	NA	NA	4.33166666666667	4.08658333333333	4.35979166666667	4.14177083333333	4.36895833333333	4.63875	4.3971875
2024-03-10	NA	NA	4.645	4.24321739130435	4.59565217391304	4.2806847826087	4.49608695652174	4.65826086956522	4.40013768115942
2024-03-11	NA	NA	4.640625	4.28154166666667	4.63083333333333	4.34203645833333	4.52166666666667	4.68875	4.4325
2024-03-12	NA	NA	4.6225	4.28616666666667	4.62270833333333	4.33765104166667	4.54	4.708125	4.46179861111111
2024-03-13	NA	NA	4.414375	4.18710416666667	4.45979166666667	4.24052083333333	4.43104166666667	4.65645833333333	4.47909027777778
2024-03-14	NA	NA	4.33	4.09804166666667	4.36479166666667	4.174265625	4.376875	4.658125	4.44316666666667
2024-03-15	NA	NA	4.29458333333333	4.06020833333333	4.32416666666667	4.111640625	4.356875	4.523125	4.3885625
2024-03-16	NA	NA	4.27020833333333	4.071	4.33666666666667	4.108375	4.391875	4.505625	4.33329166666667
2024-03-17	NA	NA	4.09520833333333	4.03158333333333	4.29833333333333	4.114390625	4.38041666666667	4.544375	4.29545138888889
2024-03-18	NA	NA	3.91208333333333	4.0439375	4.284375	4.078046875	4.39520833333333	4.55229166666667	4.29279166666667
2024-03-19	NA	NA	3.6875	4.03802083333333	4.29666666666667	4.08313020833333	4.39541666666667	4.56104166666667	4.2904375
2024-03-20	NA	NA	3.51666666666667	4.01997916666667	4.30041666666667	4.08771354166667	4.37791666666667	4.548125	4.27715972222222
2024-03-21	NA	NA	3.35229166666667	3.948125	4.276875	4.10494270833333	4.39291666666667	4.51645833333333	4.25318055555556
2024-03-22	NA	NA	3.20875	3.91647916666667	4.28479166666667	4.1114375	4.391875	4.52625	4.25075
2024-03-23	NA	NA	3.06020833333333	3.90229166666667	4.27	4.10090625	4.390625	4.52125	4.242625
2024-03-24	NA	NA	2.94729166666667	3.85454166666667	4.256875	4.09161979166667	4.393125	4.51541666666667	4.23809722222222
2024-03-25	NA	NA	2.85	3.81735416666667	4.22270833333333	4.085328125	4.37833333333333	4.495	4.22855555555556
2024-03-26	NA	NA	2.72270833333333	3.77772916666667	4.24083333333333	4.08823958333333	4.365625	4.48083333333333	4.21422916666667
2024-03-27	NA	NA	2.58770833333333	3.71277083333333	4.22895833333333	4.096375	4.35979166666667	4.47583333333333	4.20019444444444
2024-03-28	NA	NA	2.50395833333333	3.65520833333333	4.20083333333333	4.09988020833333	4.349375	4.45583333333333	4.18859722222222
2024-03-29	NA	NA	2.40270833333333	3.5695	4.195	4.10397395833333	4.35041666666667	4.44458333333333	4.17585416666667
2024-03-30	NA	NA	2.26333333333333	3.48829166666667	4.17895833333333	4.10703125	4.34666666666667	4.4475	4.17572916666667
2024-03-31	NA	NA	2.13541666666667	3.38729166666667	4.15520833333333	4.108796875	4.355	4.4525	4.17092361111111
2024-04-01	NA	NA	2.01916666666667	3.31635416666667	4.12583333333333	4.11319791666667	4.35020833333333	4.45	4.16875
2024-04-02	NA	NA	1.93354166666667	3.2536875	4.08354166666667	4.11582291666667	4.349375	4.44333333333333	4.16901388888889
2024-04-03	NA	NA	1.85291666666667	3.18158333333333	4.038125	4.09907291666667	4.34416666666667	4.4425	4.1699375
2024-04-04	NA	NA	1.78166666666667	3.11133333333333	4.013125	4.10059895833333	4.34729166666667	4.44541666666667	4.16776388888889
2024-04-05	NA	NA	1.71	3.05558333333333	3.99708333333333	4.09455208333333	4.34270833333333	4.44229166666667	4.16721527777778
2024-04-06	NA	NA	1.645625	3.02972916666667	3.95520833333333	4.09089583333333	4.33395833333333	4.43875	4.16620833333333
2024-04-07	NA	NA	1.61583333333333	2.98164583333333	3.9075	4.08830729166667	4.33333333333333	4.436875	4.16370833333333
2024-04-08	NA	NA	1.59958333333333	2.89814583333333	3.87333333333333	4.076609375	4.33166666666667	4.42854166666667	4.16504861111111
2024-04-09	NA	NA	1.58104166666667	2.84241666666667	3.84541666666667	4.022109375	4.32333333333333	4.431875	4.16209722222222
2024-04-10	NA	NA	1.55583333333333	2.80885416666667	3.833125	4.05843229166667	4.3225	4.42458333333333	4.1584375
2024-04-11	NA	NA	1.5425	2.76695833333333	3.78270833333333	4.08359895833333	4.31833333333333	4.42104166666667	4.159
2024-04-12	NA	NA	1.52	2.72129166666667	3.76166666666667	4.081421875	4.325	4.42645833333333	4.15952777777778
2024-04-13	NA	NA	1.51	2.69070833333333	3.730625	4.07693229166667	4.33020833333333	4.428125	4.16115277777778
2024-04-14	NA	NA	1.52729166666667	2.66745833333333	3.715625	4.08195833333333	4.34229166666667	4.44791666666667	4.16931944444444
2024-04-15	NA	NA	1.50333333333333	2.645125	3.695	4.08778645833333	4.339375	4.45333333333333	4.18134722222222
2024-04-16	NA	NA	1.478125	2.6175	3.66479166666667	4.074546875	4.3325	4.45	4.18674305555556
2024-04-17	NA	NA	1.44270833333333	2.56720833333333	3.63375	4.07163541666667	4.34083333333333	4.45333333333333	4.18989583333333
2024-04-18	NA	NA	1.39729166666667	2.5213125	3.6125	4.05633854166667	4.34729166666667	4.46166666666667	4.19478472222222
2024-04-19	NA	NA	1.3675	2.49783333333333	3.59333333333333	4.04621354166667	4.34770833333333	4.465	4.20098611111111
2024-04-20	NA	NA	1.341875	2.48197916666667	3.58333333333333	4.02797916666667	4.355	4.46666666666667	4.20256944444444
2024-04-21	NA	NA	1.31354166666667	2.46075	3.56833333333333	4.02165625	4.35625	4.465	4.20436111111111
2024-04-22	NA	NA	1.30083333333333	2.45720833333333	3.58104166666667	4.01715104166667	4.35208333333333	4.47333333333333	4.2075
2024-04-23	NA	NA	1.29708333333333	2.42772916666667	3.59083333333333	4.0276875	4.36354166666667	4.48583333333333	4.21472222222222
2024-04-24	NA	NA	1.32645833333333	2.42089583333333	3.62708333333333	4.039421875	4.38	4.50104166666667	4.23257638888889
2024-04-25	NA	NA	1.33875	2.42654166666667	3.669375	4.06889583333333	4.41791666666667	4.53354166666667	4.25763194444444
2024-04-26	NA	NA	1.34541666666667	2.4386875	3.70125	4.10471354166667	4.410625	4.54270833333333	4.28192361111111
2024-04-27	NA	NA	1.3375	2.45683333333333	3.73208333333333	4.054390625	4.385625	4.541875	4.29290277777778
2024-04-28	NA	NA	1.335625	2.47858333333333	3.72375	4.07638541666667	4.39916666666667	4.54333333333333	4.29243055555556
2024-04-29	NA	NA	1.32229166666667	2.48572916666667	3.710625	4.12343229166667	4.40520833333333	4.55166666666667	4.29449305555556
2024-04-30	NA	NA	1.31854166666667	2.47547916666667	3.74333333333333	4.100421875	4.41625	4.56125	4.29475
2024-05-01	NA	NA	1.30354166666667	2.49460416666667	3.86541666666667	4.14429166666667	4.43875	4.55854166666667	4.30151388888889
2024-05-02	NA	NA	1.33916666666667	2.49964583333333	3.97354166666667	4.17001041666667	4.46333333333333	4.57041666666667	4.31134722222222
2024-05-03	NA	NA	1.35458333333333	2.57289583333333	4.19708333333333	4.20522916666667	4.4525	4.578125	4.32313194444444
2024-05-04	NA	NA	1.48166666666667	2.711125	4.42208333333333	4.28125520833333	4.49583333333333	4.58708333333333	4.34606944444444
2024-05-05	NA	NA	1.53791666666667	3.11360416666667	4.44770833333333	4.36586979166667	4.55395833333333	4.5975	4.37579861111111
2024-05-06	NA	NA	1.48416666666667	3.76564583333333	4.33770833333333	4.32084895833333	4.57479166666667	4.62	4.37495833333333
2024-05-07	NA	NA	1.51041666666667	3.70464583333333	4.343125	4.33811979166667	4.58229166666667	4.64083333333333	4.37684027777778
2024-05-08	NA	NA	1.64416666666667	3.92166666666667	4.46354166666667	4.36533854166667	4.58895833333333	4.67354166666667	4.40084722222222
2024-05-09	NA	NA	1.60270833333333	3.8540625	4.28666666666667	4.3245	4.56666666666667	4.67666666666667	4.41094444444444
2024-05-10	NA	NA	1.64041666666667	3.71914583333333	4.274375	4.304171875	4.55541666666667	4.67833333333333	4.40823611111111
2024-05-11	NA	NA	1.62041666666667	3.5391875	4.29104166666667	4.26134375	4.56020833333333	4.66895833333333	4.40163888888889
2024-05-12	NA	NA	1.69354166666667	3.49291666666667	4.3825	4.33936458333333	4.61229166666667	4.69979166666667	4.41122222222222
2024-05-13	NA	NA	1.78854166666667	3.81929166666667	4.46145833333333	4.37158333333333	4.66145833333333	4.7275	4.43630555555556
2024-05-14	NA	NA	1.84854166666667	4.15291666666667	4.54291666666667	4.487890625	4.73833333333333	4.755625	4.46509722222222
2024-05-15	NA	NA	1.880625	4.164625	4.54895833333333	4.464359375	4.75229166666667	4.7825	4.49028472222222
2024-05-16	NA	NA	2.05520833333333	4.22704166666667	4.59979166666667	4.43713020833333	4.760625	4.81729166666667	4.51743055555556
2024-05-17	NA	NA	2.31458333333333	4.24460416666667	4.62333333333333	4.345703125	4.75875	4.87375	4.56490972222222
2024-05-18	NA	NA	3.58645833333333	4.27352083333333	4.62958333333333	4.44753645833333	4.81145833333333	4.90875	4.6091875
2024-05-19	NA	NA	4.31833333333333	4.21683333333333	4.56	4.35384895833333	4.764375	4.93854166666667	4.637875
2024-05-20	NA	NA	4.591875	4.2749375	4.65	4.40238541666667	4.77479166666667	4.93625	4.64836111111111
2024-05-21	NA	NA	4.49104166666667	4.21854166666667	4.51875	4.34451041666667	4.58979166666667	4.83270833333333	4.59458333333333
2024-05-22	NA	NA	4.57625	4.25189583333333	4.580625	4.31795833333333	4.68375	4.81666666666667	4.54432638888889
2024-05-23	NA	NA	4.57020833333333	4.27775	4.57729166666667	4.257546875	4.53395833333333	4.76104166666667	4.49222222222222
2024-05-24	NA	NA	4.594375	4.2828125	4.57520833333333	4.23161458333333	4.46666666666667	4.71291666666667	4.448
2024-05-25	NA	NA	4.56083333333333	4.25941666666667	4.559375	4.23670833333333	4.42958333333333	4.68916666666667	4.43150694444444
2024-05-26	NA	NA	4.49666666666667	4.22133333333333	4.50333333333333	4.23291145833333	4.47708333333333	4.62729166666667	4.37309027777778
2024-05-27	NA	NA	4.72854166666667	4.35533333333333	4.71229166666667	4.31631770833333	4.476875	4.59583333333333	4.34098611111111
2024-05-28	NA	NA	4.788125	4.40941666666667	4.790625	4.36575	4.48583333333333	4.5575	4.31541666666667
2024-05-29	NA	NA	4.80479166666667	4.40489583333333	4.71125	4.3270625	4.465	4.60333333333333	4.33545138888889
2024-05-30	NA	NA	4.90395833333333	4.43997916666667	4.78979166666667	4.38440625	4.52041666666667	4.62354166666667	4.33957638888889
2024-05-31	NA	NA	4.85104166666667	4.43058333333333	4.75	4.302859375	4.465	4.61291666666667	4.30422916666667
2024-06-01	NA	NA	4.834375	4.42979166666667	4.73291666666667	4.26603645833333	4.475625	4.61020833333333	4.31072916666667
2024-06-02	NA	NA	4.81875	4.44372916666667	4.72604166666667	4.27234375	4.46375	4.64395833333333	4.36681944444444
2024-06-03	NA	NA	4.710625	4.37039583333333	4.6525	4.27558854166667	4.48833333333333	4.653125	4.37940277777778
2024-06-04	NA	NA	3.1675	3.34545833333333	4.10395833333333	4.19666145833333	4.4763829787234	4.6175	4.35014583333333
2024-06-05	NA	NA	2.955625	2.80966666666667	3.36791666666667	3.44430729166667	3.85229166666667	4.09458333333333	3.900625
2024-06-06	NA	NA	3.00833333333333	2.7060625	3.04375	2.80996875	3.04041666666667	3.188125	2.9616875
2024-06-07	NA	NA	3.04729166666667	2.8061875	3.18916666666667	2.97514583333333	3.20041666666667	3.38708333333333	3.16578472222222
2024-06-08	NA	NA	2.79291666666667	2.52502083333333	2.86145833333333	2.6568125	2.859375	2.951875	2.68331944444444
2024-06-09	NA	NA	3.08875	2.79864583333333	3.165625	2.927390625	3.115625	3.21354166666667	2.94028472222222
2024-06-10	NA	NA	3.21854166666667	2.97410416666667	3.30666666666667	3.12110416666667	3.315625	3.40895833333333	3.139125
2024-06-11	NA	NA	3.298125	3.0021875	3.35645833333333	3.08168229166667	3.26875	3.34875	3.04644444444444
2024-06-12	NA	NA	3.1525	2.877	3.19479166666667	2.94305208333333	3.10958333333333	3.18770833333333	2.89228472222222
2024-06-13	NA	NA	3.82645833333333	3.54491666666667	3.8675	3.60261458333333	3.7525	3.826875	3.52388194444444
2024-06-14	NA	NA	4.03083333333333	3.75714583333333	4.08645833333333	3.84407291666667	4.03375	4.12354166666667	3.84073611111111
2024-06-15	NA	NA	4.23833333333333	3.9505	4.27333333333333	4.00184895833333	4.16916666666667	4.22666666666667	3.92429861111111
2024-06-16	NA	NA	4.72458333333333	4.4529375	4.76020833333333	4.48627083333333	4.63854166666667	4.675	4.34888888888889
2024-06-17	NA	NA	5.12166666666667	4.82622916666667	5.15666666666667	4.873109375	5.01375	5.003125	4.65109722222222
2024-06-18	NA	NA	5.28833333333333	4.97195833333333	5.29291666666667	4.992484375	5.14416666666667	5.16104166666667	4.8265625
2024-06-19	NA	NA	5.320625	4.9876875	5.28270833333333	4.8995625	5.01541666666667	5.02083333333333	4.667625
2024-06-20	NA	NA	5.95354166666667	5.6061875	5.85020833333333	5.31514583333333	5.36958333333333	5.2825	4.90663194444444
2024-06-21	NA	NA	6.486875	6.20325	6.50104166666667	6.211828125	6.34604166666667	6.36229166666667	6.01046527777778
2024-06-22	NA	NA	6.54104166666667	6.25785416666667	6.57354166666667	6.24283333333333	6.3925	6.405625	6.06479166666667
2024-06-23	NA	NA	6.21888888888889	6.22445833333333	6.24944444444444	6.0540987654321	6.19333333333333	6.25222222222222	5.87694444444444
2024-06-24	NA	NA	NA	6.2749375	NA	6.15243055555556	NA	NA	5.88302777777778
2024-06-25	7.21086956521739	7.0968115942029	6.79155118110236	6.13523529411765	6.78391304347826	6.35676966292135	6.41264705882353	6.33411764705882	6.03858333333333
2024-06-26	7.74861111111111	7.22673611111111	6.78745486111111	NA	6.77611111111111	6.31661111111111	6.14347222222222	5.93590277777778	5.589375
2024-06-27	7.24208333333333	7.10541666666667	6.95012152777778	NA	7.03930555555556	6.76560763888889	6.82708333333333	6.78256944444444	6.45986111111111
2024-06-28	7.14513888888889	6.98090277777778	6.81570138888889	NA	6.96159722222222	6.74097222222222	6.86013888888889	6.88479166666667	6.58053472222222
2024-06-29	7.44145833333333	7.06923611111111	6.58726388888889	NA	6.43805555555556	6.00134375	5.94138888888889	5.80694444444444	5.45485416666667
2024-06-30	8.24194444444444	7.73909722222222	7.19515277777778	NA	6.778125	6.10498611111111	6.00763888888889	5.93402777777778	5.59889583333333
2024-07-01	7.25541666666667	7.14583333333333	7.00756597222222	NA	7.12465277777778	6.84632291666667	6.85534722222222	6.77076388888889	6.42734722222222
2024-07-02	7.16583333333333	6.97291666666667	6.78040625	NA	6.89131944444444	6.61128472222222	6.64631944444444	6.57013888888889	6.23068055555556
2024-07-03	7.17041666666667	6.98472222222222	6.75349652777778	NA	6.889375	6.61609722222222	6.70972222222222	6.695625	6.36391666666667
2024-07-04	7.07597222222222	6.98201388888889	6.76127083333333	NA	6.93152777777778	6.62592013888889	6.68173611111111	6.64680555555556	6.315125
2024-07-05	7.51423611111111	7.26652777777778	6.93443055555556	NA	7.07958333333333	6.75814930555556	6.79340277777778	6.72979166666667	6.36723611111111
2024-07-06	7.74277777777778	7.45604166666667	7.16756597222222	NA	7.32951388888889	7.01920138888889	7.05722222222222	7.02423611111111	6.68192361111111
2024-07-07	7.75055555555556	7.39347222222222	7.07876388888889	NA	7.09902777777778	6.73237152777778	6.74423611111111	6.7025	6.38228472222222
2024-07-08	9.0875	8.099375	7.35867708333333	NA	7.15638888888889	6.64498611111111	6.63423611111111	6.59270833333333	6.25299305555556
2024-07-09	9.10347222222222	8.50486111111111	7.48641319444444	NA	7.17777777777778	6.69370138888889	6.70006944444444	6.68090277777778	6.36132638888889
2024-07-10	9.09902777777778	8.56826388888889	7.61273263888889	NA	7.20215277777778	6.75536805555556	6.76201388888889	6.74597222222222	6.42959722222222
2024-07-11	9.19173611111111	8.72333333333333	7.80304513888889	NA	7.30152777777778	6.79422222222222	6.77527777777778	6.743125	6.41081944444444
2024-07-12	8.98284722222222	8.68347222222222	8.09304513888889	NA	7.83458333333333	7.43509375	7.42333333333333	7.37465277777778	7.03547916666667
2024-07-13	9.41340277777778	9.09902777777778	8.56795138888889	NA	8.12347222222222	7.51896180555556	7.42875	7.33083333333333	6.97150694444444
2024-07-14	9.90680555555556	9.44520833333333	8.61638194444444	NA	8.02055555555556	7.4776875	7.45479166666667	7.41791666666667	7.10558333333333
2024-07-15	8.88152777777778	8.62541666666667	8.34009722222222	NA	8.349375	7.98785069444444	7.96097222222222	7.88756944444444	7.55015277777778
2024-07-16	9.03576388888889	8.57208333333333	8.22618055555555	NA	8.1375	7.74638541666667	7.73027777777778	7.64409722222222	7.30146527777778
2024-07-17	9.53006944444444	8.74979166666667	8.09423958333333	NA	7.72340277777778	7.27439930555556	7.24409722222222	7.16201388888889	6.83002777777778
2024-07-18	9.753125	9.26034722222222	8.27601041666667	NA	7.67333333333333	7.16718055555556	7.15951388888889	7.10694444444444	6.77824305555556
2024-07-19	8.83486111111111	8.69958333333333	8.3550625	NA	7.92111111111111	7.42263888888889	7.32479166666667	7.24861111111111	6.92036111111111
2024-07-20	9.58604166666667	8.88145833333333	8.18111458333333	NA	7.78138888888889	7.24579513888889	7.19604166666667	7.12583333333333	6.78490972222222
2024-07-21	9.45326388888889	8.76222222222222	7.84558333333333	NA	7.61145833333333	7.17153819444444	7.155625	7.14715277777778	6.83846527777778
2024-07-22	9.27340277777778	8.53763888888889	7.73201041666667	NA	7.44173611111111	7.01226736111111	7.01916666666667	6.96409722222222	6.64059722222222
2024-07-23	10.1794444444444	9.28944444444445	7.80469097222222	NA	7.46611111111111	6.98388194444444	6.98	6.95631944444444	6.6340625
2024-07-24	10.2899305555556	9.31020833333333	7.87480902777778	NA	7.42784722222222	6.9436875	6.95833333333333	6.93284722222222	6.6146875
2024-07-25	10.055625	9.46791666666667	8.47089583333333	NA	7.48125	6.99863888888889	6.95666666666667	6.890625	6.55567361111111
2024-07-26	9.45361111111111	9.24270833333333	8.64668055555556	NA	8.18611111111111	7.54807638888889	7.38222222222222	7.27361111111111	6.952125
2024-07-27	9.37027777777778	9.41270833333333	8.98893402777778	NA	8.53451388888889	7.81786805555556	7.53166666666667	7.40875	7.09482638888889
2024-07-28	9.29673611111111	9.38083333333333	8.99926041666667	NA	8.83993055555556	8.19682986111111	7.99298611111111	7.75777777777778	7.41134722222222
2024-07-29	9.21805555555556	9.33305555555556	8.97454166666667	NA	9.06527777777778	8.68454513888889	8.62333333333333	8.43333333333333	8.03603472222222
2024-07-30	9.12868055555556	9.22263888888889	8.87673611111111	NA	9.00333333333333	8.719875	8.784375	8.77659722222222	8.46809722222222
2024-07-31	9.47916666666667	9.53673611111111	9.14151041666667	NA	9.13944444444444	8.73173263888889	8.708125	8.655625	8.34408333333333
2024-08-01	10.568125	10.3801388888889	9.73923611111111	NA	9.27013888888889	8.62473611111111	8.55076388888889	8.48923611111111	8.14347222222222
2024-08-02	11.5615972222222	11.3329861111111	10.0747951388889	NA	9.29493055555556	8.70317013888889	8.62618055555556	8.58854166666667	8.27038194444444
2024-08-03	12.1651388888889	11.4917361111111	9.85494444444444	NA	9.33395833333333	8.81246527777778	8.75694444444444	8.69201388888889	8.38597222222222
2024-08-04	11.7330555555556	11.5740972222222	10.3181423611111	NA	9.58263888888889	8.92562152777778	8.87680555555556	8.83145833333333	8.51797222222222
2024-08-05	11.2891666666667	10.9908333333333	10.2970138888889	NA	9.78826388888889	9.04436805555556	8.91111111111111	8.86194444444445	8.55234722222222
2024-08-06	11.1477777777778	10.9570138888889	10.0199652777778	NA	9.52458333333333	8.82823611111111	8.69673611111111	8.61430555555556	8.27748611111111
2024-08-07	10.2447916666667	10.2099305555556	9.82178125	NA	9.57215277777778	9.08655208333333	8.98166666666667	8.85479166666667	8.50173611111111
2024-08-08	10.2454166666667	9.91979166666667	9.54567361111111	NA	9.41326388888889	8.89184375	8.76847222222222	8.64597222222222	8.31036805555556
2024-08-09	9.75833333333333	9.72479166666667	9.45490972222222	NA	9.42020833333333	8.94330555555556	8.83534722222222	8.74416666666667	8.41680555555556
2024-08-10	9.660625	9.56527777777778	9.27604166666667	NA	9.38472222222222	9.05990625	9.06923611111111	8.95347222222222	8.61864583333333
2024-08-11	9.12777777777778	9.10319444444444	8.93535763888889	NA	9.08083333333333	8.86784027777778	8.965625	8.97666666666667	8.68413888888889
2024-08-12	9.32826388888889	9.23944444444444	8.90945486111111	NA	8.93506944444444	8.52109027777778	8.47423611111111	8.39381944444444	8.07482638888889
2024-08-13	9.10722222222222	8.94291666666667	8.82873263888889	NA	8.94277777777778	8.67688194444444	8.71472222222222	8.679375	8.38354861111111
2024-08-14	9.01222222222222	8.68930555555556	8.51896875	NA	8.66722222222222	8.40031944444444	8.47694444444444	8.48972222222222	8.20220138888889
2024-08-15	8.47479166666667	8.34270833333333	8.16763194444444	NA	8.30263888888889	8.035125	8.115	8.12854166666667	7.83304861111111
2024-08-16	8.79430555555555	8.74756944444444	8.45554861111111	NA	8.59104166666667	8.24702083333333	8.25243055555556	8.19743055555556	7.8700625
2024-08-17	9.03736111111111	8.90145833333333	8.60710069444444	NA	8.73458333333333	8.44319791666667	8.49097222222222	8.47965277777778	8.16859027777778
2024-08-18	9.08597222222222	9.02729166666667	8.78215277777778	NA	8.90180555555555	8.64088194444444	8.68847222222222	8.65590277777778	8.34440972222222
2024-08-19	9.26361111111111	9.24597222222222	8.99319791666667	NA	8.95798611111111	8.47978472222222	8.40118055555556	8.25298611111111	7.91160416666667
2024-08-20	9.35645833333333	9.44916666666667	9.06000694444444	NA	9.08486111111111	8.66482291666667	8.64548611111111	8.57368055555555	8.2613125
2024-08-21	9.74895833333333	9.53347222222222	9.32959375	NA	9.258125	8.78001388888889	8.67215277777778	8.56465277777778	8.23075694444444
2024-08-22	9.32055555555556	9.09979166666667	8.93556597222222	NA	9.02902777777778	8.72756597222222	8.71006944444444	8.64298611111111	8.32731944444444
2024-08-23	9.16902777777778	8.90805555555556	8.74568402777778	NA	8.88770833333333	8.63253819444444	8.68868055555556	8.67541666666667	8.37032638888889
2024-08-24	8.94722222222222	8.73076388888889	8.55055902777778	NA	8.69458333333333	8.4636875	8.565625	8.59618055555556	8.31128472222222
2024-08-25	8.82729166666667	8.57909722222222	8.39634375	NA	8.54673611111111	8.27150347222222	8.31701388888889	8.29902777777778	7.99183333333333
2024-08-26	8.44111111111111	8.33986111111111	8.21848958333333	NA	8.31923611111111	8.01667708333333	7.97965277777778	7.87222222222222	7.52013194444444
2024-08-27	8.43645833333333	8.27875	8.10894444444444	NA	8.24923611111111	7.9501875	7.99659722222222	7.97888888888889	7.67391666666667
2024-08-28	8.56298611111111	8.39291666666667	8.20886805555556	NA	8.380625	8.11565277777778	8.17972222222222	8.16458333333333	7.86556944444444
2024-08-29	8.35701388888889	8.26138888888889	8.12372222222222	NA	8.26826388888889	8.00068402777778	8.08229166666667	8.08895833333333	7.80665277777778
2024-08-30	8.79722222222222	8.595	8.32023263888889	NA	8.33208333333333	7.94953819444444	7.90361111111111	7.838125	7.48800694444444
2024-08-31	9.39638888888889	9.03590277777778	8.72444444444444	NA	8.57923611111111	8.03010069444444	7.93743055555556	7.88138888888889	7.57577083333333
2024-09-01	9.780625	9.60888888888889	9.20583680555556	NA	8.81048611111111	8.29978125	8.21465277777778	8.16527777777778	7.85484722222222
2024-09-02	9.79034722222222	9.58125	9.23278125	NA	9.09993055555556	8.48592708333333	8.44854166666667	8.41048611111111	8.10546527777778
2024-09-03	9.95465277777778	9.83722222222222	9.41507986111111	NA	9.35326388888889	8.77725	8.71076388888889	8.64256944444444	8.31086111111111
2024-09-04	9.61256944444444	9.60166666666667	9.42150694444445	NA	9.33229166666667	8.93722222222222	8.93034722222222	8.90756944444444	8.60327777777778
2024-09-05	8.93736111111111	8.99166666666667	8.89182638888889	NA	9.00631944444445	8.78114930555556	8.81180555555556	8.76541666666667	8.44986805555556
2024-09-06	9.65708333333333	9.33590277777778	8.80834722222222	NA	8.80472222222222	8.47256944444444	8.46131944444444	8.37979166666667	8.04566666666667
2024-09-07	9.86951388888889	9.80902777777778	9.42498611111111	NA	9.06791666666667	8.50634027777778	8.44666666666667	8.40472222222222	8.08625
2024-09-08	9.79777777777778	9.67930555555555	9.51453125	NA	9.51048611111111	8.72326041666667	8.62909722222222	8.58875	8.28822222222222
2024-09-09	9.18125	9.08138888888889	8.96006597222222	NA	9.12201388888889	8.84964930555556	8.89833333333333	8.86881944444444	8.57927083333333
2024-09-10	9.23375	9.05020833333333	8.86488541666667	NA	8.94125	8.54580555555555	8.61055555555556	8.62506944444444	8.34525694444444
2024-09-11	9.13819444444444	9.06125	8.85230208333333	NA	8.93951388888889	8.61154861111111	8.641875	8.58263888888889	8.2665625
2024-09-12	9.02576388888889	8.82194444444444	8.67985069444445	NA	8.86013888888889	8.58492361111111	8.65902777777778	8.67118055555556	8.38461805555556
2024-09-13	8.87743055555556	8.74388888888889	8.61416666666667	NA	8.80534722222222	8.54846527777778	8.62986111111111	8.65256944444444	8.36905555555555
2024-09-14	8.63875	8.51451388888889	8.39816319444444	NA	8.57958333333333	8.33651736111111	8.42729166666667	8.45659722222222	8.17663194444444
2024-09-15	8.37194444444444	8.29215277777778	8.18326041666667	NA	8.33625	8.11223958333333	8.21055555555555	8.24222222222222	7.96277777777778
2024-09-16	8.20805555555556	8.159375	8.01404861111111	NA	8.12013888888889	7.87169444444444	7.96993055555556	7.99611111111111	7.71366666666667
2024-09-17	8.03152777777778	7.85243055555556	7.7330625	NA	7.88791666666667	7.67372569444444	7.79208333333333	7.83881944444444	7.56378472222222
2024-09-18	6.94131944444444	6.815625	6.72592361111111	NA	6.936875	6.69089583333333	6.80631944444445	6.87	6.5891875
2024-09-19	6.32256944444444	6.19805555555556	6.11217708333333	NA	6.31347222222222	6.047875	6.13479166666667	6.15888888888889	5.87530555555556
2024-09-20	6.48722222222222	6.30125	6.20504861111111	NA	6.4025	6.11893402777778	6.19958333333333	6.22270833333333	5.93186111111111
2024-09-21	6.42694444444444	6.29513888888889	6.18932986111111	NA	6.36736111111111	6.11790625	6.22388888888889	6.26215277777778	5.97582638888889
2024-09-22	6.3175	6.31159722222222	6.07184027777778	NA	6.19423611111111	5.95203819444444	6.01902777777778	6.01201388888889	5.70438888888889
2024-09-23	6.01485294117647	5.8575	5.83231603773585	NA	5.91779411764706	5.79255660377359	5.82088235294118	5.87191176470588	5.7595625
2024-09-24	NA	NA	5.43313636363636	NA	NA	5.4310303030303	NA	NA	5.4384696969697
